Lxx = 1784504701.79;
Lyy = 4585694957.38;
Lzz = 6166674670.04;
Izz = Lxx + Lyy + Lzz;

% convert to kg*m^2
Izz * 1e-9